This is an xLogicCircuits data file.
DO NOT EDIT THIS FILE!
File format version 1.0
1 
=Untitled 1
40960 40960 7290880 5652480 
40960 40960 7290880 5652480 
8 17 4 1
<2 763 -1 1 5 
<2 2721 -1 2 3 8 
<2 4886 -1 3 2 6 10 
<2 7496 -1 3 0 7 11 
>0 4016 16 0 
R0 2260992 1847296 327680 286720 3 2 1 1 
R0 3366912 2109440 327680 286720 1 0 1 4 
A0 5152768 1620651 327680 286720 5 4 1 15 
R0 2187264 3865259 327680 286720 6 7 1 9 
A0 3842048 3458389 327680 286720 8 9 1 12 
A0 2023424 4689920 327680 286720 10 11 1 13 
R0 6397952 2663765 327680 286720 15 14 1 16 
R0 5103616 3974485 327680 286720 12 13 1 14 
0 