This is an xLogicCircuits data file.
DO NOT EDIT THIS FILE!
File format version 1.0
1 
=Untitled 5
40960 40960 7290880 5652480 
40960 40960 7290880 5652480 
8 14 2 2
<2 1605 -1 2 2 11 
<2 4730 -1 2 0 12 
>0 3817 10 0 
>0 4937 13 0 
N0 1073152 1439061 327680 245760 3 1 7 
N0 1073152 2389333 327680 245760 1 1 6 
T83 371 0 2 1 5 
T81 182 2 2 3 4 
A0 2392064 984405 327680 286720 4 6 1 8 
A0 2342912 2685611 327680 286720 7 5 1 9 
R0 3407872 1677995 327680 286720 8 9 1 10 
A0 1089536 3816107 327680 286720 11 12 1 13 
0 