This is an xLogicCircuits data file.
DO NOT EDIT THIS FILE!
File format version 1.0
1 
=Untitled 5
40960 40960 7290880 5652480 
40960 40960 7290880 5652480 
18 25 3 3
<2 985 -1 1 2 
<2 3068 -1 1 4 
<2 4695 -1 1 16 
>0 1340 -1 0 
>0 4085 24 0 
>0 6884 -1 0 
A0 1351680 558421 327680 286720 0 7 1 8 
A0 1441792 2106709 327680 286720 3 5 1 9 
N0 507904 1127765 327680 245760 1 1 3 
N0 499712 1602901 327680 245760 6 1 7 
T46 88 2 2 0 1 
T43 269 4 2 5 6 
R0 2236416 1205589 327680 286720 8 9 1 10 
A0 1630208 2975061 327680 286720 14 21 1 22 
T339 164 10 1 11 
T330 301 11 1 12 
T105 309 12 1 15 
T104 375 15 2 13 14 
A0 1622016 3695957 327680 286720 19 17 1 23 
N0 884736 3249493 327680 245760 13 1 19 
T67 459 16 2 17 18 
T111 445 18 1 20 
N0 1048576 3487061 327680 245760 20 1 21 
R0 3915776 2614613 327680 286720 22 23 1 24 
0 